huawei_data = {'1': np.array([0.02410873, 0.02194928, 0.02190964, 0.02199145, 0.0218362,
0.02193355,
0.02196836, 0.02195471, 0.02190939, 0.02197786, 0.02182942, 0.02193865,
0.02191609, 0.02195296, 0.02189793, 0.02196179, 0.02190122, 0.02192173,
0.02190997, 0.02192861, 0.02191894, 0.02193117, 0.02194239, 0.02190963,
0.02186234, 0.02199025, 0.02189064, 0.02189915, 0.02194022, 0.02191779]), '2': np.array( [0.01728927, 0.01605139, 0.01604702, 0.01601459, 0.01603802,
0.01602191,
0.01602931, 0.0159744, 0.01606748, 0.01606879, 0.01604306, 0.01599386,
0.01606104, 0.01603689, 0.01606124, 0.01603043, 0.0160658, 0.01603437,
0.01604341, 0.01603582, 0.01608771, 0.01603983, 0.01603881, 0.01599751,
0.01607212, 0.01603125, 0.01604212, 0.0160461, 0.01608305, 0.01600561]), '4': np.array([0.00939646, 0.00861879, 0.00865804, 0.00863087, 0.00863162,
0.00862118,
0.0086595, 0.00864745, 0.00862617, 0.00863639, 0.00864309, 0.00861878,
0.00864466, 0.00863568, 0.00862704, 0.00862392, 0.00862824, 0.00863625,
0.0086431, 0.00866244, 0.00863227, 0.00862241, 0.00866247, 0.00865724,
0.00865151, 0.00864018, 0.00863557, 0.00865117, 0.00865731, 0.00863492]), '8': np.array([0.00545932, 0.00500299, 0.00500014, 0.00501425, 0.00499142,
0.00500009,
0.00499841, 0.00498921, 0.00501537, 0.00500873, 0.0050203, 0.00500579,
0.00499969, 0.00501454, 0.00501986, 0.00498268, 0.0050124, 0.00499934,
0.00497637, 0.00499849, 0.00503514, 0.00499201, 0.00501995, 0.00499981,
0.00500194, 0.00499624,0.00501809, 0.00501274, 0.00499352, 0.00503793])}
